label start
node (32345, 32224, 7)
stand (32344, 32229, 7)
action bank
stand (32348, 32231, 7)
stand (32349, 32225, 8)
action deposit
stand (32348, 32231, 8)
node (32345, 32217, 7)
node (32361, 32215, 7)
node (32375, 32215, 7)
node (32391, 32215, 7)
door (32400, 32217, 7)
node (32400, 32220, 7)
stand (32400, 32220, 7)
action sell
action buy_potions
door (32400, 32217, 7)
node (32384, 32215, 7)
node (32368, 32215, 7)
node (32368, 32210, 7)
node (32368, 32195, 7)
action check_supplies
label go_hunt
node (32369, 32172, 7)
node (32372, 32166, 7)
node (32379, 32162, 7)
node (32389, 32162, 7)
node (32399, 32162, 7)
node (32406, 32160, 7)
node (32411, 32155, 7)
node (32416, 32150, 7)
node (32423, 32145, 7)
node (32431, 32140, 7)
node (32440, 32138, 7)
node (32445, 32133, 7)
node (32446, 32125, 7)
label enterspawn
label hunt
node (32448, 32117, 7)
node (32448, 32108, 7)
node (32454, 32102, 7)
node (32460, 32098, 7)
node (32467, 32094, 7)
node (32465, 32087, 7)
node (32462, 32080, 7)
node (32461, 32075, 7)
node (32457, 32071, 7)
node (32449, 32069, 7)
stand (32448, 32069, 7)
node (32441, 32070, 8)
node (32434, 32068, 8)
rope (32431, 32064, 9)
node (32424, 32065, 8)
node (32414, 32065, 8)
node (32404, 32068, 8)
node (32409, 32066, 8)
node (32419, 32063, 8)
node (32419, 32056, 8)
node (32417, 32046, 8)
node (32423, 32048, 8)
node (32434, 32049, 8)
node (32442, 32048, 8)
node (32447, 32055, 8)
node (32453, 32055, 8)
node (32461, 32052, 8)
node (32462, 32045, 8)
node (32465, 32038, 8)
node (32462, 32045, 8)
node (32461, 32052, 8)
node (32453, 32057, 8)
node (32453, 32064, 8)
node (32453, 32071, 8)
node (32453, 32078, 8)
node (32452, 32085, 8)
node (32446, 32088, 8)
node (32448, 32095, 8)
node (32452, 32099, 8)
node (32446, 32103, 8)
node (32439, 32103, 8)
node (32438, 32096, 8)
stand (32438, 32095, 8)
node (32436, 32084, 9)
node (32438, 32095, 9)
ladder (32438, 32095, 9)
node (32439, 32103, 8)
node (32446, 32103, 8)
node (32454, 32102, 8)
node (32458, 32104, 8)
node (32460, 32109, 8)
node (32464, 32113, 8)
node (32468, 32109, 8)
node (32462, 32108, 8)
node (32464, 32101, 8)
node (32469, 32099, 8)
node (32478, 32101, 8)
node (32479, 32108, 8)
node (32478, 32115, 8)
node (32476, 32120, 8)
node (32478, 32115, 8)
node (32479, 32108, 8)
node (32480, 32101, 8)
node (32485, 32097, 8)
node (32489, 32093, 8)
node (32495, 32089, 8)
node (32499, 32084, 8)
rope (32496, 32083, 9)
node (32495, 32089, 8)
node (32494, 32092, 8)
stand (32494, 32093, 8)
node (32494, 32098, 7)
node (32493, 32107, 7)
node (32484, 32110, 7)
node (32478, 32111, 7)
node (32473, 32116, 7)
node (32467, 32119, 7)
node (32458, 32119, 7)
action check
label leave
node (32446, 32125, 7)
node (32445, 32133, 7)
node (32440, 32138, 7)
node (32431, 32140, 7)
node (32423, 32145, 7)
node (32416, 32150, 7)
node (32411, 32155, 7)
node (32406, 32160, 7)
node (32399, 32162, 7)
node (32389, 32162, 7)
node (32379, 32162, 7)
node (32372, 32166, 7)
node (32369, 32172, 7)
ode (32368, 32192, 7)
node (32360, 32199, 7)
action sell
node (32368, 32212, 7)
node (32359, 32215, 7)
node (32346, 32215, 7)
node (32344, 32221, 7)
action check_time
label exit
action exit
action end
