label start
stand (33019,32053,6)
action bank
stand (33020, 32059, 6)
node (33018, 32053, 7)
action deposit
stand (33020, 32059, 7)
node (33007, 32053, 6)
label refill
node (32982, 32054, 6)
node (32982, 32072, 6)
stand (32971, 32085, 6)
action sell
action buy_potions
stand (32970,32082,6)
action buy_runes
node (32970, 32082, 6)
action check_supplies
label go_hunt
node (32954,32081,6)
node (32936,32095,6)
node (32921,32111,6)
node (32908,32126,6)
node (32906,32117,6)
node (32920,32122,6)
node (32877,32126,6)
node (32862,32125,6)
stand (32862,32126,6)
node (32862,32127,7)
node (32848,32125,7)
node (32840,32123,7)
node (32816,32105,7)
node (32804,32092,7)
node (32794,32098,7)
node (32778,32098,7)
node (32778,32100,7)
node (32759,32106,7)
node (32733,32110,7)
node (32713,32107,7)
node (32706,32121,7)
node (32693,32146,7)
node (32698,32168,7)
node (32683,32183,7)
node (32677,32216,7)
node (32657,32220,7)
node (32658,32240,7)
node (32653,32256,7)
node (32644,32267,7)
node (32642,32281,7)
node (32679,32267,7)
node (32693,32272,7)
node (32706,32285,7)
node (32704,32308,7)
node (32699,32309,7)
node (32677,32321,7)
node (32668,32324,7)
node (32659,32341,7)
stand (32659,32342,7)
node (32659,32349,8)
node (32655,32360,8)
node (32646,32366,8)
node (32628,32366,8)
node (32614,32378,8)
node (32615,32396,8)
node (32614,32414,8)
stand (32615,32426,8)
node (32614,32428,9)
label hunt
node (32603,32426,9)
node (32600,32417,9)
node (32602,32436,9)
node (32589,32425,9)
node (32585,32416,9)
node (32586,32437,9)
node (32573,32425,9)
node (32590,32426,9)
node (32607,32425,9)
node (32622,32426,9)
node (32628,32416,9)
node (32628,32434,9)
node (32636,32425,9)
node (32651,32423,9)
node (32649,32430,9)
node (32635,32425,9)
node (32622,32426,9)
node (32615,32428,9)
action check
label leave
stand (32615,32426,9)
node (32615,32413,8)
node (32615,32394,8)
node (32615,32378,8)
node (32628,32366,8)
node (32648,32366,8)
node (32658,32356,8)
stand (32659,32342,8)
node (32688,32311,7)
node (32703,32307,7)
node (32693,32281,7)
node (32676,32266,7)
node (32660,32276,7)
node (32645,32281,7)
node (32640,32254,7)
node (32653,32248,7)
node (32669,32217,7)
node (32677,32189,7)
node (32696,32154,7)
node (32704,32132,7)
node (32727,32109,7)
node (32751,32095,7)
node (32778,32098,7)
node (32804,32094,7)
node (32835,32115,7)
node (32854,32125,7)
node (32858,32125,7)
node (32862,32127,7)
stand (32862,32126,7)
node (32862,32125,6)
node (32889,32125,6)
node (32920,32119,6)
node (32942,32096,6)
node (32955,32079,6)
node (32975,32073,6)
node (32992,32053,6)
node (33006,32052,6)
node (33014,32053,6)
