label start_venore_boat
node (32954, 32026, 6)
node (32954, 32042, 6)
node (32953, 32060, 6)
node (32945, 32070, 6)
node (32928, 32071, 6)
node (32910, 32072, 6)
node (32897, 32079, 6)
stand (32885, 32086, 6)
action buy_rake
node (32888, 32083, 6)
node (32897, 32081, 6)
node (32900, 32072, 6)
node (32918, 32072, 6)
node (32931, 32067, 6)
node (32931, 32053, 6)
node (32947, 32053, 6)
node (32953, 32043, 6)
node (32954, 32028, 6)
stand (32954, 32022, 6)
action travel_abdendriel
node (32727, 31668, 6)
stand (32722, 31669, 6)
node (32713, 31667, 7)
node (32700, 31662, 7)
node (32696, 31650, 7)
node (32683, 31646, 7)
node (32675, 31641, 7)
node (32671, 31632, 7)
node (32669, 31622, 7)
node (32668, 31614, 7)
stand (32669, 31609, 7)
action buy_poem
node (32668, 31613, 7)
node (32668, 31620, 7)
node (32671, 31636, 7)
node (32688, 31648, 7)
node (32697, 31656, 7)
node (32706, 31665, 7)
node (32720, 31669, 7)
ladder (32722, 31669, 7)
node (32727, 31669, 6)
stand (32734, 31669, 6)
action travel_venore
stand (32954, 32022, 6)
action travel_liberty_bay
node (32277, 32889, 6)
node (32277, 32876, 6)
node (32288, 32871, 6)
node (32299, 32871, 6)
stand (32306, 32868, 6)
node (32309, 32859, 7)
node (32312, 32845, 7)
node (32316, 32838, 7)
node (32323, 32831, 7)
node (32324, 32819, 7)
node (32324, 32806, 7)
node (32330, 32799, 7)
node (32330, 32794, 7)
stand (32330, 32793, 7)
node (32330, 32781, 6)
stand (32331, 32779, 6)
door (32331, 32778, 6)
stand (32332, 32772, 6)
stand (32333, 32768, 5)
door (32333, 32767, 5)
stand (32333, 32764, 5)
action ring
stand (32333, 32766, 5)
door (32333, 32767, 5)
stand (32332, 32772, 5)
stand (32331, 32777, 6)
door (32331, 32778, 6)
node (32331, 32786, 6)
stand (32331, 32793, 6)
node (32331, 32806, 7)
node (32339, 32813, 7)
node (32352, 32814, 7)
node (32367, 32814, 7)
node (32376, 32814, 7)
stand (32383,32814,7)
stand (32383, 32815, 7)
node (32388, 32810, 6)
node (32391, 32804, 6)
stand (32391, 32802, 6)
node (32399, 32801, 5)
node (32408, 32798, 5)
stand (32410, 32795, 5)
action levitate_north_up
stand (32410, 32790, 4)
action levitate_north_up
node (32421, 32790, 3)
node (32433, 32787, 3)
node (32437, 32779, 3)
stand (32437, 32776, 3)
node (32427, 32779, 2)
node (32418, 32779, 2)
stand (32418, 32778, 2)
action levitate_north_up
node (32422, 32773, 1)
stand (32421, 32771, 1)
action use_rake_north
node (32420, 32775, 1)
stand (32418, 32777, 1)
action levitate_south_down
node (32426, 32780, 2)
node (32433, 32775, 2)
stand (32437, 32776, 2)
node (32435, 32783, 3)
node (32420, 32790, 3)
node (32413, 32789, 3)
stand (32410, 32789, 3)
action levitate_south_down
stand (32410, 32794, 4)
action levitate_south_down
node (32399, 32799, 5)
node (32394, 32801, 5)
stand (32391, 32802, 5)
node (32389, 32812, 6)
stand (32383, 32815, 6)
node (32374, 32814, 7)
node (32363, 32814, 7)
node (32347, 32814, 7)
node (32339, 32808, 7)
node (32331, 32800, 7)
stand (32331, 32793, 7)
node (32331, 32783, 6)
stand (32331, 32779, 6)
door (32331, 32778, 6)
stand (32332, 32772, 6)
stand (32333, 32768, 5)
door (32333, 32767, 5)
stand (32333, 32764, 5)
action give_ring
stand (32333, 32766, 5)
door (32333, 32767, 5)
stand (32332, 32772, 5)
stand (32331, 32777, 6)
door (32331, 32778, 6)
node (32331, 32786, 6)
stand (32331, 32793, 6)
node (32328, 32803, 7)
node (32315, 32807, 7)
node (32299, 32810, 7)
node (32287, 32815, 7)
node (32278, 32827, 7)
node (32273, 32839, 7)
stand (32270, 32845, 7)
door (32270, 32844, 7)
stand (32269, 32841, 7)
action errand
stand (32270, 32843, 7)
door (32270, 32844, 7)
node (32274, 32839, 7)
node (32278, 32828, 7)
node (32288, 32821, 7)
node (32295, 32811, 7)
node (32304, 32806, 7)
node (32318, 32806, 7)
node (32330, 32798, 7)
stand (32330, 32793, 7)
node (32330, 32780, 6)
stand (32331, 32779, 6)
door (32331, 32778, 6)
stand (32332, 32772, 6)
stand (32333, 32768, 5)
door (32333, 32767, 5)
stand (32333, 32764, 5)
action peg_leg
stand (32333, 32766, 5)
door (32333, 32767, 5)
stand (32332, 32772, 5)
stand (32331, 32777, 6)
door (32331, 32778, 6)
node (32331, 32787, 6)
stand (32331, 32793, 6)
node (32331, 32803, 7)
node (32340, 32807, 7)
node (32341, 32820, 7)
node (32342, 32832, 7)
node (32343, 32844, 7)
node (32345, 32855, 7)
stand (32347, 32856, 7)
action travel_meriana
node (32348, 32614, 7)
node (32345, 32601, 7)
node (32346, 32592, 7)
stand (32347, 32588, 7)
door (32348, 32588, 7)
stand (32350, 32588, 7)
action raymond
door (32348, 32588, 7)
node (32342, 32580, 7)
node (32338, 32565, 7)
node (32333, 32554, 7)
node (32332, 32542, 7)
stand (32329, 32529, 7)
action mermaid
node (32330, 32535, 7)
node (32331, 32547, 7)
node (32332, 32557, 7)
node (32329, 32565, 7)
node (32327, 32577, 7)
node (32328, 32589, 7)
node (32328, 32603, 7)
node (32322, 32612, 7)
stand (32321, 32621, 7)
stand (32322, 32625, 6)
stand (32321, 32627, 5)
node (32313, 32628, 4)
node (32310, 32625, 4)
stand (32311, 32622, 4)
action djinn
node (32310, 32628, 4)
node (32319, 32628, 4)
stand (32321, 32627, 4)
stand (32322, 32625, 5)
stand (32321, 32621, 6)
node (32322, 32611, 7)
node (32327, 32604, 7)
node (32328, 32596, 7)
node (32328, 32585, 7)
node (32327, 32573, 7)
node (32329, 32565, 7)
node (32327, 32544, 7)
node (32328, 32532, 7)
stand (32329, 32529, 7)
action mermaid2
node (32330, 32535, 7)
node (32331, 32547, 7)
node (32332, 32557, 7)
node (32329, 32565, 7)
node (32327, 32577, 7)
node (32328, 32589, 7)
node (32328, 32603, 7)
node (32322, 32612, 7)
stand (32321, 32621, 7)
stand (32322, 32625, 6)
stand (32321, 32627, 5)
node (32313, 32628, 4)
node (32310, 32625, 4)
stand (32311, 32622, 4)
action djinn2
node (32310, 32628, 4)
node (32319, 32628, 4)
stand (32321, 32627, 4)
stand (32322, 32625, 5)
stand (32321, 32621, 6)
node (32322, 32611, 7)
node (32327, 32604, 7)
node (32328, 32596, 7)
node (32328, 32585, 7)
node (32327, 32573, 7)
node (32329, 32565, 7)
node (32327, 32544, 7)
node (32328, 32532, 7)
stand (32329, 32529, 7)
action mermaid2
node (32332, 32535, 7)
node (32333, 32547, 7)
node (32335, 32556, 7)
node (32338, 32563, 7)
node (32341, 32573, 7)
node (32344, 32581, 7)
node (32345, 32594, 7)
node (32345, 32606, 7)
node (32348, 32617, 7)
stand (32347, 32624, 7)
action travel_liberty_bay
node (32312, 32707, 7)
node (32312, 32719, 7)
node (32312, 32732, 7)
node (32312, 32744, 7)
node (32312, 32759, 7)
node (32311, 32770, 7)
node (32313, 32780, 7)
node (32317, 32790, 7)
node (32325, 32795, 7)
stand (32330, 32793, 7)
node (32330, 32781, 6)
stand (32331, 32779, 6)
door (32331, 32778, 6)
stand (32332, 32772, 6)
stand (32333, 32768, 5)
door (32333, 32767, 5)
stand (32333, 32764, 5)
action finish
stand (32333, 32766, 5)
door (32333, 32767, 5)
stand (32332, 32772, 5)
stand (32331, 32777, 6)
door (32331, 32778, 6)
node (32331, 32786, 6)
stand (32331, 32793, 6)
node (32328, 32806, 7)
node (32325, 32814, 7)
node (32324, 32830, 7)
stand (32331, 32835, 7)
action end
