label start_in_port_hope_boat
stand (32530, 32784, 6)
node (32532, 32792, 6)
node (32542, 32791, 6)
node (32552, 32786, 6)
node (32556, 32780, 6)
node (32557, 32771, 6)
node (32564, 32767, 6)
node (32572, 32768, 6)
stand (32578, 32766, 6)
node (32587, 32762, 7)
node (32605, 32762, 7)
node (32628, 32761, 7)
node (32631, 32753, 7)
node (32646, 32754, 7)
node (32655, 32753, 7)
node (32660, 32746, 7)
node (32668, 32741, 7)
stand (32669, 32738, 7)
door (32668, 32737, 7) 
door (32669, 32737, 7)
stand (32671, 32735, 7)
door (32671, 32734, 7)
stand (32671, 32729, 7)
action angus
stand (32671, 32733, 7)
door (32671, 32734, 7)
stand (32669, 32736, 7)
door (32669, 32737, 7) 
door (32668, 32737, 7)
node (32666, 32744, 7)
node (32663, 32746, 7)
node (32658, 32750, 7)
node (32650, 32754, 7)
node (32637, 32753, 7)
node (32618, 32752, 7)
node (32616, 32761, 7)
node (32604, 32761, 7)
node (32594, 32763, 7)
node (32583, 32764, 7)
ladder (32578, 32766, 7)
node (32573, 32768, 6)
node (32565, 32767, 6)
node (32557, 32769, 6)
node (32555, 32784, 6)
node (32549, 32787, 6)
node (32542, 32791, 6)
node (32532, 32792, 6)
stand (32529, 32785, 6)
label charles
action travel_edron
node (33175, 31771, 6)
stand (33175, 31775, 6)
node (33183, 31778, 7)
node (33190, 31779, 7)
node (33192, 31789, 7)
ladder (33209, 31789, 7)
node (33215, 31788, 6)
ladder (33215, 31783, 6)
ladder (33215, 31784, 5)
node (33212, 31783, 4)
node (33201, 31783, 4)
node (33192, 31783, 4)
ladder (33189, 31785, 4)
stand (33192, 31784, 3)
action travel_kazordoon
stand (32587, 31942, 0)
action travel_darashia
stand (33268, 32441, 6)
stand (33265, 32441, 6)
node (33261, 32438, 7)
node (33248, 32437, 7)
node (33234, 32434, 7)
node (33233, 32421, 7)
stand (33229, 32415, 7)
label omur
action honey
node (33232, 32420, 7)
node (33233, 32430, 7)
node (33238, 32437, 7)
node (33247, 32438, 7)
node (33261, 32440, 7)
node (33265, 32452, 7)
node (33267, 32466, 7)
node (33276, 32469, 7)
node (33290, 32471, 7)
ladder (33293, 32473, 7)
stand (33290, 32481, 6)
action travel_ankrahmun
node (33085, 32883, 6)
stand (33084, 32877, 6)
node (33087, 32870, 7)
node (33088, 32859, 7)
node (33093, 32852, 7)
node (33110, 32852, 7)
node (33114, 32846, 7)
node (33116, 32837, 7)
node (33119, 32829, 7)
stand (33127, 32827, 7)
stand (33127, 32826, 7)
node (33130, 32818, 6)
stand (33130, 32816, 6)
stand (33130, 32813, 5)
action jug
stand (33130, 32816, 5)
node (33129, 32823, 6)
stand (33128, 32826, 6)
node (33117, 32828, 7)
node (33114, 32841, 7)
node (33111, 32849, 7)
node (33104, 32850, 7)
node (33092, 32851, 7)
node (33090, 32857, 7)
node (33088, 32864, 7)
node (33085, 32874, 7)
ladder (33084, 32877, 7)
node (33085, 32883, 6)
stand (33092, 32884, 6)
action travel_venore
node (32954, 32031, 6)
node (32954, 32041, 6)
node (32954, 32049, 6)
node (32957, 32053, 6)
node (32965, 32053, 6)
node (32975, 32052, 6)
node (32975, 32042, 6)
stand (32971, 32039, 6)
action venorean_spice
node (32975, 32042, 6)
node (32975, 32052, 6)
node (32965, 32053, 6)
node (32954, 32052, 6)
node (32954, 32044, 6)
node (32954, 32032, 6)
stand (32955, 32022, 6)
action travel_thais
node (32318, 32211, 6)
stand (32321, 32211, 6)
node (32327, 32214, 7)
node (32341, 32214, 7)
node (32361, 32214, 7)
node (32368, 32204, 7)
node (32369, 32194, 7)
node (32374, 32182, 7)
node (32385, 32182, 7)
node (32395, 32182, 7)
node (32405, 32181, 7)
node (32410, 32176, 7)
stand (32409, 32172, 7)
action royal_satin
node (32410, 32176, 7)
node (32406, 32183, 7)
node (32394, 32183, 7)
node (32382, 32183, 7)
node (32369, 32185, 7)
node (32367, 32193, 7)
node (32367, 32204, 7)
node (32362, 32214, 7)
node (32350, 32214, 7)
node (32335, 32214, 7)
node (32322, 32213, 7)
ladder (32321, 32211, 7)
node (32316, 32212, 6)
stand (32310, 32211, 6)
action travel_port_hope
node (32532, 32792, 6)
node (32542, 32791, 6)
node (32552, 32786, 6)
node (32556, 32780, 6)
node (32557, 32771, 6)
node (32564, 32767, 6)
node (32572, 32768, 6)
stand (32578, 32766, 6)
node (32587, 32762, 7)
node (32605, 32762, 7)
node (32628, 32761, 7)
node (32631, 32753, 7)
node (32646, 32754, 7)
node (32655, 32753, 7)
node (32660, 32746, 7)
node (32668, 32741, 7)
stand (32669, 32738, 7)
door (32668, 32737, 7) 
door (32669, 32737, 7)
stand (32671, 32735, 7)
door (32671, 32734, 7)
stand (32671, 32729, 7)
action angus2
stand (32671, 32733, 7)
door (32671, 32734, 7)
stand (32669, 32736, 7)
door (32669, 32737, 7) 
door (32668, 32737, 7)
node (32666, 32744, 7)
node (32663, 32746, 7)
node (32658, 32750, 7)
node (32650, 32754, 7)
node (32637, 32753, 7)
node (32618, 32752, 7)
node (32616, 32761, 7)
node (32604, 32761, 7)
node (32594, 32763, 7)
node (32583, 32764, 7)
ladder (32578, 32766, 7)
node (32573, 32768, 6)
node (32565, 32767, 6)
node (32557, 32769, 6)
node (32555, 32784, 6)
node (32549, 32787, 6)
node (32542, 32791, 6)
node (32532, 32792, 6)
stand (32529, 32785, 6)
action travel_edron
node (33175, 31771, 6)
stand (33175, 31775, 6)
node (33184, 31777, 7)
node (33190, 31779, 7)
node (33192, 31789, 7)
node (33200, 31792, 7)
node (33200, 31805, 7)
node (33200, 31816, 7)
node (33192, 31821, 7)
node (33192, 31828, 7)
node (33198, 31843, 7)
node (33216, 31843, 7)
node (33229, 31841, 7)
node (33242, 31841, 7)
stand (33247, 31841, 7)
node (33256, 31839, 6)
node (33257, 31827, 6)
node (33268, 31825, 6)
stand (33269, 31837, 6)
action wyrdin
node (33268, 31830, 6)
node (33261, 31825, 6)
node (33256, 31839, 6)
stand (33247, 31841, 6)
node (33234, 31842, 7)
node (33219, 31841, 7)
node (33200, 31842, 7)
node (33192, 31832, 7)
node (33200, 31817, 7)
node (33200, 31803, 7)
node (33200, 31792, 7)
node (33192, 31789, 7)
node (33190, 31779, 7)
ladder (33175, 31775, 7)
node (33176, 31770, 6)
stand (33176, 31764, 6)
action travel_liberty_bay
node (32277, 32892, 6)
node (32278, 32875, 6)
node (32296, 32874, 6)
node (32301, 32871, 6)
stand (32306, 32868, 6)
node (32310, 32858, 7)
node (32310, 32847, 7)
node (32308, 32840, 7)
node (32300, 32838, 7)
stand (32297, 32832, 7)
action rum
node (32297, 32836, 7)
node (32305, 32840, 7)
node (32310, 32845, 7)
node (32310, 32858, 7)
node (32306, 32865, 7)
ladder (32306, 32868, 7)
node (32306, 32875, 6)
node (32304, 32881, 6)
node (32305, 32894, 6)
stand (32299, 32896, 6)
action travel_yalahar
node (32810, 31270, 6)
node (32816, 31273, 6)
stand (32817, 31274, 6)
door (32817, 31275, 6) 
door (32818, 31275, 6)
ladder (32815, 31277, 6)
stand (32817, 31278, 5)
action karith
stand (32815, 31277, 5)
stand (32817, 31276, 6)
door (32817, 31275, 6) 
door (32818, 31275, 6)
node (32812, 31271, 6)
node (32809, 31260, 6)
stand (32803, 31256, 6)
stand (32793, 31248, 7)
action end
