label start
label refill
stand (33019,32053,6)
action bank
stand (33020, 32059, 6)
node (33018, 32053, 7)
action deposit
stand (33020, 32059, 7)
node (33007, 32053, 6)
node (32982, 32054, 6)
node (32982, 32072, 6)
stand (32971, 32085, 6)
action sell
action buy_potions
stand (32970, 32082, 6)
action check_supplies
label go_hunt
node (32977, 32073, 6)
node (32998, 32073, 6)
label door1
stand (32998, 32096, 6)
door (32999,32096,6)
stand (33004, 32095, 6)
label door2
stand (33004, 32098, 7)
door (33004,32099,7)
ladder (33009, 32100, 7)
node (33013, 32100, 6)
node (33021, 32100, 6)
node (33032, 32097, 6)
stand (33032, 32096, 6)
node (33035, 32095, 7)
node (33045, 32096, 7)
node (33048, 32095, 7)
node (33056, 32095, 7)
node (33060, 32095, 7)
node (33067, 32094, 7)
node (33071, 32094, 7)
node (33078, 32091, 7)
node (33082, 32090, 7)
node (33088, 32089, 7)
node (33092, 32089, 7)
node (33099, 32084, 7)
stand (33099, 32085, 7)
node (33098, 32089, 6)
node (33097, 32097, 6)
node (33097, 32101, 6)
node (33098, 32103, 6)
stand (33101, 32104, 6)
stand (33101, 32108, 7)
ladder (33101, 32108, 7)
node (33100, 32113, 6)
node (33101, 32118, 6)
stand (33101, 32119, 6)
node (33100, 32122, 7)
node (33099, 32126, 7)
node (33099, 32130, 7)
node (33099, 32134, 7)
stand (33099,32134,7)
stand (33099, 32135, 7)
node (33099, 32138, 6)
stand (33099, 32138, 6)
label hunt
node (33103, 32142, 7)
stand (33103, 32138, 7)
node (33098, 32140, 8)
node (33094, 32143, 8)
node (33090, 32150, 8)
node (33092, 32149, 8)
node (33082, 32151, 8)
node (33077, 32153, 8)
node (33069, 32156, 8)
node (33064, 32159, 8)
node (33058, 32158, 8)
node (33051, 32159, 8)
node (33058, 32158, 8)
ladder (33058, 32158, 8)
node (33063, 32162, 7)
node (33065, 32166, 7)
node (33069, 32171, 7)
node (33075, 32169, 7)
ladder (33074, 32167, 7)
ladder (33075, 32166, 6)
stand (33075, 32166, 5)
stand (33074, 32167, 6)
stand (33075, 32166, 7)
node (33078, 32170, 8)
node (33080, 32175, 8)
node (33077, 32179, 8)
node (33068, 32174, 8)
node (33065, 32174, 8)
node (33059, 32179, 8)
ladder (33059, 32181, 8)
node (33061, 32184, 7)
node (33061, 32188, 7)
node (33058, 32192, 7)
node (33057, 32196, 7)
node (33060, 32199, 7)
node (33062, 32201, 7)
ladder (33061, 32201, 7)
node (33056, 32200, 6)
node (33055, 32198, 6)
node (33054, 32193, 6)
node (33057, 32192, 6)
node (33061, 32192, 6)
node (33062, 32189, 6)
node (33062, 32185, 6)
node (33059, 32183, 6)
node (33056, 32180, 6)
node (33055, 32177, 6)
node (33057, 32174, 6)
node (33060, 32174, 6)
node (33063, 32173, 6)
node (33063, 32169, 6)
node (33063, 32166, 6)
node (33064, 32162, 6)
node (33066, 32159, 6)
node (33069, 32158, 6)
node (33073, 32158, 6)
node (33074, 32154, 6)
node (33074, 32150, 6)
node (33074, 32145, 6)
node (33076, 32140, 6)
node (33079, 32137, 6)
node (33084, 32137, 6)
node (33087, 32137, 6)
node (33092, 32137, 6)
ladder (33093, 32138, 6)
node (33093, 32137, 5)
node (33096, 32137, 5)
node (33099, 32137, 5)
node (33103, 32137, 5)
node (33105, 32137, 5)
stand (33104, 32138, 5)
node (33102, 32141, 6)
node (33100, 32147, 6)
node (33094, 32147, 6)
node (33092, 32151, 6)
node (33095, 32156, 6)
node (33097, 32168, 6)
stand (33096, 32165, 6)
node (33091, 32165, 7)
node (33091, 32159, 7)
node (33091, 32155, 7)
node (33094, 32151, 7)
node (33097, 32148, 7)
node (33095, 32144, 7)
node (33099, 32142, 7)
action check
label leave
stand (33099, 32138, 7)
stand (33099, 32135, 6)
node (33099, 32130, 7)
node (33099, 32124, 7)
ladder (33101, 32119, 7)
node (33100, 32116, 6)
node (33101, 32112, 6)
node (33101, 32109, 6)
stand (33101, 32108, 6)
stand (33102, 32104, 7)
stand (33101, 32104, 7)
node (33097, 32100, 6)
node (33097, 32094, 6)
node (33097, 32089, 6)
node (33099, 32086, 6)
stand (33099, 32085, 6)
node (33094, 32086, 7)
node (33092, 32090, 7)
node (33088, 32089, 7)
node (33081, 32089, 7)
node (33076, 32092, 7)
node (33069, 32092, 7)
node (33066, 32095, 7)
node (33059, 32095, 7)
node (33053, 32096, 7)
node (33045, 32096, 7)
node (33039, 32096, 7)
node (33036, 32095, 7)
ladder (33032, 32096, 7)
node (33027, 32098, 6)
node (33021, 32100, 6)
node (33016, 32101, 6)
node (33013, 32100, 6)
stand (33009, 32100, 6)
node (33005,32101,7)
door (33004,32099,7)
ladder (33004, 32095, 7)
node (33001,32096,6)
door (32999,32096,6)
node (32998,32092,6)
node (32998,32079,6)
node (32998,32073,6)
node (32976,32078,6)
stand (32970,32085,6)
action sell
node (32976,32074,6)
node (32998,32073,6)
node (33007,32067,6)
node (33006, 32064, 6)
label end
