label start
load scripts/general/refill_abdendriel.in
action deposit
label withdraw_ring
label check_stealth
label go_hunt
node (32669, 31693, 7)
node (32655, 31699, 7)
node (32640, 31717, 7)
node (32642, 31732, 7)
node (32640, 31757, 7)
node (32641, 31778, 7)
node (32638, 31794, 7)
node (32641, 31810, 7)
node (32653, 31810, 7)
node (32662, 31799, 7)
stand (32671, 31796, 7)
node (32674, 31803, 6)
stand (32683, 31807, 6)
node (32683, 31823, 7)
node (32674, 31836, 7)
node (32676, 31848, 7)
node (32674, 31861, 7)
node (32676, 31872, 7)
node (32689, 31892, 7)
node (32708, 31894, 7)
node (32722, 31893, 7)
node (32739, 31883, 7)
node (32749, 31864, 7)
node (32758, 31840, 7)
node (32776, 31831, 7)
node (32788, 31813, 7)
node (32797, 31804, 7)
node (32808, 31796, 7)
node (32816, 31785, 7)
node (32823, 31771, 7)
node (32833, 31763, 7)
node (32844, 31764, 7)
node (32851, 31768, 7)
node (32860, 31772, 7)
node (32869, 31772, 7)
stand (32874, 31772, 7)
node (32882, 31772, 6)
node (32889, 31772, 6)
stand (32895, 31772, 6)
label hunt
node (32893, 31771, 7)
stand (32889, 31770, 7)
node (32890, 31760, 8)
node (32893, 31751, 8)
node (32912, 31750, 8)
node (32923, 31750, 8)
node (32928, 31757, 8)
node (32928, 31768, 8)
node (32928, 31773, 8)
node (32928, 31759, 8)
ladder (32931, 31751, 8)
ladder (32931, 31749, 7)
node (32931, 31759, 6)
node (32936, 31765, 6)
node (32940, 31773, 6)
node (32945, 31761, 6)
node (32936, 31757, 6)
stand (32931, 31749, 6)
stand (32931, 31751, 7)
node (32938, 31745, 8)
node (32953, 31746, 8)
node (32955, 31754, 8)
node (32947, 31754, 8)
node (32960, 31752, 8)
node (32972, 31746, 8)
node (32982, 31741, 8)
ladder (32982, 31739, 8)
node (32975, 31743, 7)
node (32964, 31745, 7)
ladder (32959, 31751, 7)
node (32971, 31750, 6)
node (32970, 31740, 6)
node (32983, 31738, 6)
node (32981, 31749, 6)
node (32971, 31751, 6)
stand (32959, 31751, 6)
node (32965, 31756, 7)
node (32961, 31766, 7)
node (32952, 31772, 7)
node (32953, 31780, 7)
node (32946, 31786, 7)
node (32933, 31785, 7)
node (32921, 31790, 7)
node (32912, 31790, 7)
node (32912, 31782, 7)
node (32904, 31792, 7)
node (32900, 31781, 7)
node (32898, 31772, 7)
label check_low_stealth
action check
label leave
stand (32895, 31772, 7)
node (32891, 31772, 6)
node (32883, 31772, 6)
node (32876, 31771, 6)
stand (32874, 31771, 6)
node (32859, 31772, 7)
node (32845, 31767, 7)
node (32831, 31766, 7)
node (32822, 31772, 7)
node (32817, 31779, 7)
node (32806, 31792, 7)
node (32797, 31803, 7)
node (32788, 31818, 7)
node (32783, 31829, 7)
node (32769, 31832, 7)
node (32755, 31842, 7)
node (32752, 31853, 7)
node (32748, 31864, 7)
node (32742, 31878, 7)
node (32737, 31890, 7)
node (32716, 31896, 7)
node (32694, 31895, 7)
node (32689, 31883, 7)
node (32677, 31874, 7)
node (32672, 31858, 7)
node (32677, 31848, 7)
node (32676, 31838, 7)
node (32677, 31824, 7)
node (32685, 31817, 7)
stand (32683, 31807, 7)
node (32676, 31804, 6)
node (32673, 31796, 6)
stand (32671, 31796, 6)
node (32658, 31807, 7)
node (32650, 31816, 7)
node (32640, 31818, 7)
node (32638, 31797, 7)
node (32644, 31777, 7)
node (32647, 31751, 7)
node (32641, 31727, 7)
node (32641, 31703, 7)
node (32657, 31693, 7)
node (32672, 31691, 7)
node (32680, 31688, 7)
action check_time
label train
node (32680, 31688, 7)
action end
