action debug
label debug
label start_ankrahmun_depot
node (33127,32836,7)
node (33148,32829,7)
node (33172,32827,7)
node (33195,32820,7)
node (33200,32819,7)
action talk_melfar
node (33206,32827,7)
action talk_melfar
node (33206,32837,7)
action talk_melfar
node (33201,32842,7)
action talk_melfar
node (33180,32823,7)
node (33150,32829,7)
node (33137,32829,7)
node (33120,32827,7)
node (33120,32816,7)
node (33099,32805,7)
stand (33087,32788,7)
stand (33087,32787,7)
stand (33087,32784,6)
node (33088,32758,7)
node (33099,32733,7)
node (33099,32705,7)
node (33102,32685,7)
node (33103,32666,7)
stand (33101,32657,7)
stand (33101,32656,7)
stand (33093,32648,6)
stand (33092,32648,6)
stand (33078,32640,5)
node (33064,32620,6)
label enter_green_djinn
ladder (33050,32622,6)
node (33046,32622,6)
action talk_ubaid
ladder (33047,32626,6)
stand (33049,32632,6)
stand (33049,32627,5)
node (33046,32622,4)
action talk_baaleal
stand (33049,32627,4)
stand (33049,32632,5)
ladder (33047,32626,6)
ladder (33050,32622,6)
node (33068,32625,6)
stand (33077,32639,6)
stand (33077,32640,6)
stand (33092,32649,5)
stand (33101,32656,6)
node (33103,32666,7)
node (33102,32685,7)
node (33099,32705,7)
node (33099,32733,7)
node (33088,32758,7)
stand (33086,32783,7)
stand (33086,32784,7)
stand (33086,32787,6)
node (33105,32808,7)
node (33125,32844,7)
node (33112,32851,7)
node (33095,32850,7)
node (33089,32858,7)
node (33089,32870,7)
node (33084,32874,7)
ladder (33084,32877,7)
node (33094,32885,6)
action travel_venore
node (32954,32021,6)
action travel_carlin
node (32388,31818,6)
node (32381,31815,6)
stand (32378,31815,6)
node (32368,31809,7)
node (32367,31790,7)
node (32381,31787,7)
node (32384,31780,7)
action talk_shauna
node (32379,31790,7)
node (32368,31802,7)
node (32371,31813,7)
ladder (32378,31815,7)
node (32386,31815,6)
node (32388,31823,6)
action travel_thais
node (32319,32213,6)
stand (32321,32211,6)
node (32334,32217,7)
node (32338,32233,7)
node (32338,32246,7)
node (32338,32261,7)
node (32329,32272,7)
door (32328,32274,7)
door (32323,32277,7)
stand (32319,32276,7)
stand (32323,32277,8)
action talk_partos
stand (32319,32276,8)
door (32323,32277,7)
door (32328,32274,7)
node (32338,32257,7)
node (32338,32243,7)
node (32338,32230,7)
node (32333,32217,7)
ladder (32321,32211,7)
node (32309,32211,6)
action travel_venore
node (32954,32021,6)
action travel_ankrahmun
node (33085,32882,6)
stand (33084,32877,6)
node (33089,32855,7)
node (33107,32851,7)
node (33126,32853,7)
node (33120,32816,7)
node (33099,32805,7)
stand (33087,32788,7)
stand (33087,32787,7)
stand (33087,32784,6)
node (33088,32758,7)
node (33099,32733,7)
node (33099,32705,7)
node (33102,32685,7)
node (33103,32666,7)
stand (33101,32657,7)
stand (33101,32656,7)
stand (33093,32648,6)
stand (33092,32648,6)
stand (33078,32640,5)
node (33064,32620,6)
label enter_green_djinn
ladder (33050,32622,6)
ladder (33047,32626,6)
stand (33049,32632,6)
stand (33049,32627,5)
node (33046,32622,4)
action talk_baaleal_2
stand (33049,32627,4)
stand (33047,32623,5)
action talk_alesar
stand (33049,32632,5)
ladder (33047,32626,6)
ladder (33050,32622,6)
node (33068,32625,6)
stand (33077,32639,6)
stand (33077,32640,6)
stand (33092,32649,5)
stand (33101,32656,6)
node (33103,32666,7)
node (33116,32647,7)
node (33131,32628,7)
node (33150,32615,7)
node (33167,32601,7)
node (33180,32584,7)
node (33183,32567,7)
stand (33178,32557,7)
stand (33177,32557,7)
stand (33175,32558,6)
stand (33174,32558,6)
stand (33172,32557,5)
stand (33171,32554,5)
stand (33171,32552,5)
stand (33164,32549,6)
node (33148,32540,6)
node (33140,32527,6)
node (33122,32511,6)
stand (33110,32497,6)
stand (33102,32499,6)
node (33097,32509,7)
node (33098,32516,7)
ladder (33100,32518,7)
node (33098,32529,7)
stand (33093,32529,7)
stand (33094,32526,6)
node (33098,32533,5)
stand (33101,32535,5)
stand (33093,32528,4)
stand (33108,32530,3)
ladder (33109,32530,3)
stand (33108,32530,3)
action get_item	
node (33095,32530,3)
stand (33093,32528,3)
node (33100,32530,4)
stand (33101,32535,4)
node (33094,32529,5)
stand (33094,32526,5)
stand (33093,32529,6)
node (33100,32519,7)
ladder (33100,32518,7)
node (33095,32504,7)
stand (33102,32500,7)
stand (33102,32499,7)
stand (33110,32497,6)
node (33124,32513,6)
node (33146,32534,6)
stand (33164,32549,6)
stand (33171,32551,6)
stand (33171,32552,6)
stand (33171,32554,5)
stand (33172,32557,5)
stand (33174,32559,5)
stand (33177,32557,6)
node (33173,32573,7)
node (33166,32585,7)
node (33158,32595,7)
node (33145,32605,7)
node (33132,32616,7)
node (33121,32630,7)
node (33113,32642,7)
stand (33101,32657,7)
stand (33101,32656,7)
stand (33093,32648,6)
stand (33092,32648,6)
stand (33078,32640,5)
node (33064,32620,6)
label enter_green_djinn
ladder (33050,32622,6)
ladder (33047,32626,6)
stand (33049,32632,6)
stand (33049,32627,5)
node (33046,32622,4)
stand (33049,32627,4)
stand (33047,32623,5)
action talk_alesar
stand (33049,32627,5)
stand (33049,32631,4)
stand (33047,32628,3)
stand (33044,32624,2)
node (33044,32620,1)
action talk_malor
stand (33044,32624,1)
stand (33047,32628,2)
stand (33049,32631,3)
stand (33049,32627,4)
stand (33049,32632,5)
ladder (33047,32626,6)
ladder (33050,32622,6)
node (33068,32625,6)
stand (33077,32639,6)
stand (33077,32640,6)
stand (33092,32649,5)
stand (33101,32656,6)
node (33103,32666,7)
node (33103,32666,7)
node (33102,32685,7)
node (33099,32705,7)
node (33099,32733,7)
node (33088,32758,7)
stand (33086,32783,7)
stand (33086,32784,7)
stand (33086,32787,6)
node (33105,32808,7)
node (33125,32844,7)
node (33112,32851,7)
node (33095,32850,7)
node (33089,32858,7)
node (33089,32870,7)
node (33084,32874,7)
ladder (33084,32877,7)
node (33094,32885,6)
action travel_venore
node (32955,32031,6)
node (32954,32046,6)
node (32946,32053,6)
node (32943,32053,6)
node (32926,32052,6)
node (32918,32038,6)
node (32890,32032,6)
node (32870,32032,6)
stand (32867,32032,6)
node (32849,32028,7)
node (32835,32013,7)
node (32835,32001,7)
node (32831,31986,7)
node (32822,31970,7)
node (32819,31958,7)
node (32812,31951,7)
node (32809,31939,7)
node (32825,31935,7)
label amazon_camp
node (32828,31920,7)
stand (32816,31916,7)
stand (32816,31911,6)
node (32812,31902,7)
node (32789,31889,7)
node (32771,31868,7)
node (32755,31842,7)
node (32777,31832,7)
node (32789,31820,7)
node (32789, 31809, 7)
node (32801, 31804, 7)
node (32806, 31797, 7)
node (32808, 31791, 7)
node (32817, 31784, 7)
node (32821, 31778, 7)
node (32821, 31775, 7)
node (32825, 31767, 7)
node (32836,31765,7)
node (32850,31767,7)
node (32867,31772,7)
stand (32873,31771,7)
stand (32874,31771,7)
node (32883,31773,6)
stand (32888,31773,6)
stand (32894,31773,6)
stand (32895,31773,6)
stand (32889,31770,7)
node (32891,31755,8)
node (32907,31751,8)
node (32927,31751,8)
node (32946,31745,8)
node (32956,31753,8)
stand (32957,31767,8)
node (32967,31769,9)
node (32981,31769,9)
ladder (32981,31760,9)
node (32981,31749,9)
node (32981,31738,9)
node (32981,31730,9)
action talk_orc
node (32981,31730,9)
action talk_orc_2
node (32981,31744,9)
node (32981,31753,9)
ladder (32981,31760,9)
node (32978,31769,9)
node (32960,31768,9)
stand (32957,31767,9)
node (32956,31751,8)
node (32940,31746,8)
node (32923,31750,8)
node (32905,31750,8)
node (32891,31753,8)
node (32890,31767,8)
ladder (32889,31770,8)
stand (32895,31772,7)
stand (32888,31772,6)
stand (32874,31771,6)
node (32858,31770,7)
node (32842,31766,7)
node (32822,31771,7)
node (32845, 31770, 7)
node (32837, 31766, 7)
node (32825, 31767, 7)
node (32819, 31777, 7)
node (32813, 31788, 7)
node (32808, 31791, 7)
node (32802, 31800, 7)
node (32795, 31809, 7)
node (32789, 31811, 7)
node (32788, 31823, 7)
node (32786,31827,7)
node (32755,31845,7)
node (32775,31871,7)
node (32790,31894,7)
node (32812,31904,7)
stand (32816,31910,7)
stand (32816,31911,7)
stand (32815,31916,6)
node (32832,31926,7)
node (32825,31936,7)
node (32810,31946,7)
node (32813,31959,7)
node (32825,31969,7)
node (32830,31987,7)
node (32835,32012,7)
node (32849,32023,7)
node (32865,32031,7)
stand (32867,32032,7)
node (32897,32033,6)
node (32919,32052,6)
node (32954,32054,6)
node (32983,32052,6)
node (33009,32053,6)
node (33017,32055,6)
action end
